FANN_FLO_2.1
num_layers=3
learning_rate=0.700000
connection_rate=1.000000
network_type=0
learning_momentum=0.000000
training_algorithm=3
train_error_function=1
train_stop_function=0
cascade_output_change_fraction=0.010000
quickprop_decay=-0.000100
quickprop_mu=1.750000
rprop_increase_factor=1.200000
rprop_decrease_factor=0.500000
rprop_delta_min=0.000000
rprop_delta_max=50.000000
rprop_delta_zero=0.100000
cascade_output_stagnation_epochs=12
cascade_candidate_change_fraction=0.010000
cascade_candidate_stagnation_epochs=12
cascade_max_out_epochs=150
cascade_max_cand_epochs=150
cascade_num_candidate_groups=2
bit_fail_limit=3.49999994039535522461e-01
cascade_candidate_limit=1.00000000000000000000e+03
cascade_weight_multiplier=4.00000005960464477539e-01
cascade_activation_functions_count=10
cascade_activation_functions=3 5 7 8 10 11 14 15 16 17 
cascade_activation_steepnesses_count=4
cascade_activation_steepnesses=2.50000000000000000000e-01 5.00000000000000000000e-01 7.50000000000000000000e-01 1.00000000000000000000e+00 
layer_sizes=3 5 4 
scale_included=0
neurons (num_inputs, activation_function, activation_steepness)=(0, 0, 0.00000000000000000000e+00) (0, 0, 0.00000000000000000000e+00) (0, 0, 0.00000000000000000000e+00) (3, 5, 5.00000000000000000000e-01) (3, 5, 5.00000000000000000000e-01) (3, 5, 5.00000000000000000000e-01) (3, 5, 5.00000000000000000000e-01) (0, 5, 0.00000000000000000000e+00) (5, 5, 5.00000000000000000000e-01) (5, 5, 5.00000000000000000000e-01) (5, 5, 5.00000000000000000000e-01) (0, 5, 0.00000000000000000000e+00) 
connections (connected_to_neuron, weight)=(0, 3.60235857963562011719e+00) (1, 3.66184043884277343750e+00) (2, -3.41356968879699707031e+00) (0, -1.39922890812158584595e-02) (1, -1.26070708036422729492e-01) (2, 1.00955069065093994141e-01) (0, -6.24080955982208251953e-01) (1, -3.28399896621704101562e-01) (2, 3.32257688045501708984e-01) (0, 1.98358142375946044922e+00) (1, 2.09836316108703613281e+00) (2, 1.70396673679351806641e+00) (3, -3.05198335647583007812e+00) (4, -6.68771117925643920898e-02) (5, -1.08179187774658203125e+00) (6, 2.51761651039123535156e+00) (7, -2.14772963523864746094e+00) (3, 3.06484270095825195312e+00) (4, 2.49497294425964355469e-01) (5, 1.05617511272430419922e+00) (6, -2.82244277000427246094e+00) (7, 2.15336561203002929688e+00) (3, -5.27891695499420166016e-01) (4, -3.83847989141941070557e-02) (5, 1.04113996028900146484e-01) (6, 4.47416961193084716797e-01) (7, 5.60586547851562500000e+00) 
